[image]

width
1280

height
720

[narrow_stereo]

camera matrix
911.309537 0.000000 660.225171
0.000000 911.471686 394.506650
0.000000 0.000000 1.000000

distortion
0.149967 -0.207445 0.015260 0.015816 0.000000

rectification
1.000000 0.000000 0.000000
0.000000 1.000000 0.000000
0.000000 0.000000 1.000000

projection
932.504822 0.000000 683.620394 0.000000
0.000000 947.629089 404.546275 0.000000
0.000000 0.000000 1.000000 0.000000

**** Calibrating ****
mono pinhole calibration...
D = [0.15381193862695894, -0.22664679901759255, -0.002382712817086763, 0.01101086873888396, 0.0]
K = [904.9351686299743, 0.0, 683.4547590047773, 0.0, 906.580935709789, 379.56947409908776, 0.0, 0.0, 1.0]
R = [1.0, 0.0, 0.0, 0.0, 1.0, 0.0, 0.0, 0.0, 1.0]
P = [916.8621826171875, 0.0, 701.4763387751373, 0.0, 0.0, 938.260009765625, 377.68785382522765, 0.0, 0.0, 0.0, 1.0, 0.0]
None
# oST version 5.0 parameters


[image]

width
1280

height
720

[narrow_stereo]

camera matrix
904.935169 0.000000 683.454759
0.000000 906.580936 379.569474
0.000000 0.000000 1.000000

distortion
0.153812 -0.226647 -0.002383 0.011011 0.000000

rectification
1.000000 0.000000 0.000000
0.000000 1.000000 0.000000
0.000000 0.000000 1.000000

projection
916.862183 0.000000 701.476339 0.000000
0.000000 938.260010 377.687854 0.000000
0.000000 0.000000 1.000000 0.000000

**** Calibrating ****
mono pinhole calibration...
D = [0.15381193862695894, -0.22664679901759255, -0.002382712817086763, 0.01101086873888396, 0.0]
K = [904.9351686299743, 0.0, 683.4547590047773, 0.0, 906.580935709789, 379.56947409908776, 0.0, 0.0, 1.0]
R = [1.0, 0.0, 0.0, 0.0, 1.0, 0.0, 0.0, 0.0, 1.0]
P = [916.8621826171875, 0.0, 701.4763387751373, 0.0, 0.0, 938.260009765625, 377.68785382522765, 0.0, 0.0, 0.0, 1.0, 0.0]
None
# oST version 5.0 parameters


[image]

width
1280

height
720

[narrow_stereo]

camera matrix
904.935169 0.000000 683.454759
0.000000 906.580936 379.569474
0.000000 0.000000 1.000000

distortion
0.153812 -0.226647 -0.002383 0.011011 0.000000

rectification
1.000000 0.000000 0.000000
0.000000 1.000000 0.000000
0.000000 0.000000 1.000000

projection
916.862183 0.000000 701.476339 0.000000
0.000000 938.260010 377.687854 0.000000
0.000000 0.000000 1.000000 0.000000

