ono pinhole calibration...
D = [0.41539384982337935, -0.5088266774732522, -0.021033515494393373, 0.019412272138702835, 0.0]
K = [1102.9430366795752, 0.0, 679.1501184182167, 0.0, 1121.564066368739, 316.2653007178637, 0.0, 0.0, 1.0]
R = [1.0, 0.0, 0.0, 0.0, 1.0, 0.0, 0.0, 0.0, 1.0]
P = [1197.98388671875, 0.0, 696.2652402754175, 0.0, 0.0, 1226.0003662109375, 305.0627366183289, 0.0, 0.0, 0.0, 1.0, 0.0]
None
# oST version 5.0 parameters


[image]

width
1280

height
720

[narrow_stereo]

camera matrix
1102.943037 0.000000 679.150118
0.000000 1121.564066 316.265301
0.000000 0.000000 1.000000

distortion
0.415394 -0.508827 -0.021034 0.019412 0.000000


