 number 2
[image]

width
1280

height
720

[narrow_stereo]

camera matrix
987.582552 0.000000 612.373152
0.000000 996.191865 360.400209
0.000000 0.000000 1.000000

distortion
0.163519 -0.246542 0.001464 -0.007017 0.000000

rectification
1.000000 0.000000 0.000000
0.000000 1.000000 0.000000
0.000000 0.000000 1.000000

projection
1010.357605 0.000000 602.510512 0.000000
0.000000 1027.875488 360.712718 0.000000
0.000000 0.000000 1.000000 0.000000

**** Calibrating ****
mono pinhole calibration...
D = [0.16351881553411912, -0.2465424275367465, 0.0014643937083021008, -0.007017317304600787, 0.0]
K = [987.5825519763531, 0.0, 612.3731515689249, 0.0, 996.1918648873866, 360.4002091179173, 0.0, 0.0, 1.0]
R = [1.0, 0.0, 0.0, 0.0, 1.0, 0.0, 0.0, 0.0, 1.0]
P = [1010.3576049804688, 0.0, 602.5105121453707, 0.0, 0.0, 1027.87548828125, 360.71271815949876, 0.0, 0.0, 0.0, 1.0, 0.0]
None
# oST version 5.0 parameters


[image]

width
1280

height
720

[narrow_stereo]

camera matrix
987.582552 0.000000 612.373152
0.000000 996.191865 360.400209
0.000000 0.000000 1.000000

distortion
0.163519 -0.246542 0.001464 -0.007017 0.000000

rectification
1.000000 0.000000 0.000000
0.000000 1.000000 0.000000
0.000000 0.000000 1.000000

projection
1010.357605 0.000000 602.510512 0.000000
0.000000 1027.875488 360.712718 0.000000
0.000000 0.000000 1.000000 0.000000


